afraid: 0.06054704091603436
angry: 0.07615025740824917
disgusted: 0.10223396037006399
happy: 0.7252071312986029
neutral: 0.013554486613702602
sad: 0.009503930367822247
